0 1
0 2
0 6
0 11
0 18
1 0
1 2
1 3
1 11
1 19
2 0
2 1 
2 4 
2 7 
2 9
3 1
3 18
3 19
4 2
4 5
4 6
4 9
4 10
5 4
5 6
5 9
5 10
6 0
6 2
6 5
6 14
6 19
7 2
7 12
7 13
7 14
8 11
8 12
8 13
8 14
8 15
8 17
8 19
9 2
9 5
9 15
10 4
10 5
10 7
10 8
11 0
11 1
11 8
11 15
11 16
11 17
11 18
11 19
12 8
12 9
12 15
12 16
13 7
13 8
13 15
13 16
14 6
14 7
14 8
14 15
14 16
14 18
14 19
15 9
15 11
15 12
15 13
15 14
15 16
15 17
15 18
15 19
16 11
16 12
16 13
16 14
16 15
17 8
17 11
17 15
17 18
17 19
18 0
18 3
18 11
18 14
18 15
18 17
18 19
19 1
19 3
19 6
19 8
19 11
19 14
19 15
19 17
19 18
